1, 12
1, 15
1, 59
1, 76
1, 79
1, 80
2, 10
2, 11
2, 76
2, 79
2, 80
3, 26
3, 76
3, 79
3, 80
3, 81
3, 82
4, 12
4, 15
4, 30
4, 70
4, 76
4, 79
5, 15
5, 30
5, 59
5, 76
5, 79
6, 30
6, 59
6, 70
6, 76
6, 79
6, 80
7, 12
7, 30
7, 76 
7, 79
8, 70
8, 76
8, 79
8, 81
9, 59
9, 76
9, 79
9, 80
9, 81
10, 12
10, 30
10, 76
10, 79
11, 15
11, 70
11, 76
11, 79
12, 15
12, 76
12, 79
12, 80
13, 76
14, 12
14, 15
14, 76
14, 79
15, 30
15, 76
15, 79
16, 76
16, 79
17, 76
17, 79
18, 12
18, 30
18, 76
18, 79
18, 80
19, 15
19, 30
19, 76
19, 79
20, 12
20, 30
20, 70
20, 76
20, 79
20, 80
21, 30
21, 70
21, 76
22, 28
22, 30
22, 70
22, 76
23, 16
24, 16
25, 16
26, 16
27, 16
28, 16
29, 16
30, 16
31, 16
32, 16
33, 16
34, 16
35, 16
36, 3
37, 3
38, 3
39, 3
40, 3
41, 3
42, 3
43, 3
44, 3
45, 3
46, 3
47, 7
48, 7
49, 7
50, 7
51, 7
52, 21
53, 21
54, 21
55, 21
56, 21
57, 21
58, 21
59, 21
60, 21
61, 21
62, 21
63, 21
64, 21
65, 21
66, 21
67, 21
68, 21
69, 21
70, 21
71, 21
72, 46
73, 23
73, 82
73, 83
74, 77
75, 23
75, 83
76, 78
77, 78
78, 78
79, 77
80, 29
80, 78
81, 23
81, 82
81, 83
82, 25
82, 58
82, 63
83, 84
84, 85 
85, 31
86, 89
87, 56 
87, 57
88, 78 
89, 27
90, 64
91, 57
92, 6
93, 6
94, 6
95, 6
96, 6
97, 6
98, 6
99, 6
100, 6
101, 6
102, 6
103, 6
104, 6
105, 6
106, 6
107, 6
108, 6
109, 6
110, 6
111, 6
112, 6
113, 6
114, 6
115, 6
116, 6
117, 6
118, 6
119, 6
120, 6
121, 6
122, 6
123, 6
124, 6
125, 6
126, 6
127, 6
128, 18
129, 18
130, 18
131, 18
132, 18
132, 76
133, 18 
133, 76
134, 18 
134, 76
135, 30
135, 70
135, 76
135, 79
136, 76
136, 79
137, 12
147, 70
137, 76
137, 79
138, 30
138, 76
139, 12
139, 15
139, 76
139, 79
140, 15
140, 30
140, 76
140, 79
141, 30
141, 70
141, 76
142, 76
143, 59
143, 76
143, 79
143, 80
143, 81
144, 70
144, 76
145, 12
145, 76
145, 79
146, 30
146, 70
146, 76
147, 12
147, 15
147, 76
147, 79
148, 70
148, 76
149, 12
149, 15
149, 76
149, 79
150, 76
150, 79
150, 80
151, 12
151, 26
151, 76
151, 79
152, 30
152, 76
152, 79
153, 76
154, 12
154, 15
154, 76
154, 79
155, 16
156, 16
157, 16
158, 16
159, 16
160, 16
161, 16
162, 16
163, 16
164, 16
165, 3
166, 3
167, 3
168, 3
169, 3
170, 3
171, 3
172, 3
173, 3
174, 3
175, 21
176, 21
177, 21
178, 21
179, 21
180, 21
181, 21
182, 21
183, 21
184, 21
185, 21
186, 21
187, 21
188, 21
189, 21
190, 21
191, 21
192, 21
193, 21
194, 32
195, 77
196, 77
197, 19
198, 29
198, 78
199, 53
199, 54
199, 58
199, 63
200, 78
201, 78
202, 77
203, 29
203, 78 
203, 84
204, 9 
205, 86
206, 23
206, 83
207, 74
208, 29
208, 78
209, 27
210, 78
211, 2
211, 44
212, 32
212, 85
212, 87
212, 88
213, 47
214, 13
215, 7
216, 7
217, 7
218, 6
219, 6
219, 30
219, 52
220, 6
221, 18
222, 18
223, 18
224, 18
225, 16
225, 18
226, 18
227, 18
228, 18
229, 12
229, 30
229, 70
229, 76
230, 59
230, 76
230, 79
230, 80
231, 30
231, 76
232, 12
232, 76
232, 79
232, 80
233, 15
233, 70
233, 76
234, 76
234, 79
235, 12
235, 76
235, 80
236, 30
236, 70
236, 76
237, 70
237, 76
237, 79
237, 80
238, 12
238, 15
238, 76
238, 79
239, 12
239, 15
239, 70
239, 76
240, 12
240, 76
240, 79
241, 30
241, 70
241, 76
242, 76
243, 30
243, 76
244, 16
245, 16
246, 16
247, 16
248, 16
249, 16
250, 16
251, 16
252, 16
253, 16
254, 16
255, 3
256, 3
257, 3
258, 3
259, 3
260, 3
261, 3
262, 3
263, 3
264, 3
265, 7
266, 21
267, 21
268, 21
269, 15
269, 76
269, 79
270, 21
271, 21
272, 21
273, 23
273, 85
274, 23
274, 41
275, 74
276, 85
277, 2
277, 44
278, 28
278, 64
279, 23
280, 53
280, 58
280, 63
281, 78
282, 78 
283, 23
284, 51
284, 78
285, 78
286, 31 
287, 6
288, 6
289, 6
290, 3
291, 18
292, 18
293, 18
294, 18
295, 18
296, 18
297, 18
298, 18
299, 18
300, 18
301, 18
302, 15
302, 76
302, 79
303, 30
303, 76
304, 30
304, 70
304, 76
305, 15
305, 76
306, 76 
306, 79
307, 70
307, 76
308, 30
308, 76
309, 12
309, 76
310, 30
310, 66
310, 70
310, 76
310, 79
311, 76
311, 79
311, 80
312, 66
312, 76
312, 79
313, 30
313, 76 
314, 76
315, 30
315, 76
315, 79
316, 12
316, 70 
316, 76
317, 76 
318, 16
319, 16
320, 16
321, 16
322, 16
323, 16
324, 16
325, 16
326, 16
327, 3
328, 3
329, 3
330, 3
331, 3
332, 3
333, 3
334, 3
335, 3
336, 3
337, 3
338, 7
339, 21
340, 21
341, 21
342, 21
343, 21
344, 21
345, 21
346, 21
347, 21
348, 21
349, 21
350, 21
351, 5
352, 29
352, 78 
353, 20
353, 28
353, 32
353, 37
353, 44
353, 47
353, 74
354, 28 
354, 37
355, 48
355, 78 
356, 77
357, 29
357, 78
358, 15
358, 58
358, 63
359, 15
359, 58
359, 63 
360, 29
360, 78
361, 9 
362, 32
362, 87
363, 89
364, 78
365, 29 
365, 78 
366, 6
367, 6
368, 6
369, 6
370, 6
371, 6
372, 6
373, 6
374, 6
375, 6
376, 6
377, 6
378, 6
379, 6
380, 6
381, 6
382, 6
383, 6
384, 6
385, 6
386, 6
387, 6
388, 18
389, 18
390, 18
391, 18
392, 18
393, 18
394, 18
395, 18
396, 18
397, 18
398, 18
399, 81
400, 47
401, 47
402, 47
403, 47
404, 2
405, 69
406, 69
407, 89
408, 90
408, 91
408, 92
408, 93
409, 90
409, 92
409, 93
410, 15
410, 79
410, 94
411, 15
411, 79
412, 15
412, 79
412, 94
413, 15
413, 79
413, 94
414, 91
414, 95
415, 91
416, 91
417, 96
418, 96
419, 99
420, 96
421, 47
422, 96
423, 96
424, 30
424, 76
424, 79
424, 80
425, 24
425, 30
425, 37
425, 47
425, 59
425, 76
425, 81
425, 92
426, 76
426, 79
426, 80
427, 80
428, 14
428, 24
428, 78
428, 93
429, 30
429, 76
429, 79
429, 80
430, 29
430, 78
431, 24
431, 92
432, 78
432, 98
433, 79
433, 80
434, 97
435, 80
435, 81
436, 29
436, 78
437, 32
437, 87
438, 85
438, 88
439, 89
440, 100
441, 100